Missile
Lazer
Blaster
Torpedo
Cannon
Anti -Matter
Fire Blast
Wide Beam
Spread Shot
Death Beam
Flying Teeth
Glow
Bomb
Sonic -Boom
Auto -Lazer
Auto Missile
Beam Pulse
Drain touch
Explode
Slow Pain
Starfox
DragonFly
Vortex
Skybird
Wave
Spinner
Groundhog
Viper
Comet
Saturn IV
Spike
Death Fly
Plooker
B -812
Trivex
Orthdeber
Falcon IX
Nuke
Wevimer
Sectivox
50,100
100,40
110,80
80,160
50,240
110,280
160,140
170,80
327,40
327,110
200,210
200,290
240,364
327,300
280,230
390,154
420,274
435,364
570,304
589,154
514,229
454,30
514,75
469,120
7,4,6,8
4,6,7,3
7,5,5,2
5,8,4,6
4,3,10,7
10,5,2,1
4,9,4,5
5,6,6,11
1,4,12,12
3,8,6,17
6,12,7,16
3,10,12,14
10,7,8,15
8,8,9,4
8,7,10,9
8,10,7,10
5,12,8,13
1,15,9,19
5,10,10,20
11,7,7,18
1,1,0,1,1,1,0,0,0,0,0,1,1,1,0,1,1,1,1,1,1,1,1,1
0,0,0,0,0,0,0,0,0,0,0,0,0,0,0,0,0,0,0,0,0,0,0,0
1,0,0,0,0,0,0,0,0,0,0,0,0,0,0,0,0,0,0,0,0,0,0,0
1,1,0,0,0,0,0,0,0,0,0,0,0,0,0,0,0,0,0,0,0,0,0,0
1,0,1,0,0,0,0,0,0,0,0,0,0,0,0,0,0,0,0,0,0,0,0,0
0,0,0,1,0,0,0,0,0,0,0,0,0,0,0,0,0,0,0,0,0,0,0,0
0,0,0,1,1,0,0,0,0,0,0,0,0,0,0,0,0,0,0,0,0,0,0,0
0,0,0,1,0,1,0,0,0,0,0,0,0,0,0,0,0,0,0,0,0,0,0,0
0,0,1,1,0,0,1,0,0,0,0,0,0,0,0,0,0,0,0,0,0,0,0,0
0,0,0,0,0,0,0,1,0,0,0,0,0,0,0,0,0,0,0,0,0,0,0,0
0,0,0,0,0,0,1,1,1,0,0,0,0,0,0,0,0,0,0,0,0,0,0,0
0,0,0,0,0,1,1,0,0,1,0,0,0,0,0,0,0,0,0,0,0,0,0,0
0,0,0,0,0,1,0,0,0,0,1,0,0,0,0,0,0,0,0,0,0,0,0,0
0,0,0,0,0,0,0,0,0,0,0,1,0,0,0,0,0,0,0,0,0,0,0,0
0,0,0,0,0,0,0,0,0,0,1,1,1,0,0,0,0,0,0,0,0,0,0,0
0,0,0,0,0,0,0,0,0,1,1,0,0,1,0,0,0,0,0,0,0,0,0,0
0,0,0,0,0,0,0,0,1,1,0,0,0,0,1,0,0,0,0,0,0,0,0,0
0,0,0,0,0,0,0,0,0,0,0,0,0,1,1,1,0,0,0,0,0,0,0,0
0,0,0,0,0,0,0,0,0,0,0,0,0,0,0,0,1,0,0,0,0,0,0,0
0,0,0,0,0,0,0,0,0,0,0,0,0,0,0,0,1,0,0,0,0,0,0,0
0,0,0,0,0,0,0,0,0,0,0,0,0,0,0,0,0,0,0,0,0,0,0,0
0,0,0,0,0,0,0,0,0,0,0,0,0,0,0,0,1,0,1,0,0,0,0,0
0,0,0,0,0,0,0,0,0,0,0,0,0,0,0,1,0,0,0,0,0,0,0,0
0,0,0,0,0,0,0,0,0,0,0,0,0,0,0,0,0,0,0,0,0,1,0,0
0,0,0,0,0,0,0,0,0,0,0,0,0,0,0,1,0,0,0,0,0,1,1,0

