 0 
 0 
 0 
 0 
 0 
 0 
 0 
 0 
 0 
 0 
 0 
 0 
 0 
 0 
 0 
 0 
 0 
 0 
 0 
 0 
 0 
 915 
 0 
 0 
 0 
 0 
 0 
 0 
 0 
 0 
 0 
 0 
 0 
 0 
 0 
 0 
 0 
 0 
 0 
 0 
 0 
 0 
 0 
 0 
 0 
 0 
 0 
 0 
 0 
 0 
 0 
 0 
 0 
 0 
 0 
 0 
 0 
 0 
 0 
 0 
 0 
 0 
 0 
 0 
 0 
 0 
 0 
 0 
 0 
 0 
 0 
 0 
 0 
 0 
 0 
 0 
 0 
 0 
 0 
 0 
 0 
 0 
 0 
 0 
 0 
 0 
 0 
 0 
 0 
 0 
 0 
 0 
 0 
 0 
 0 
 0 
 0 
 0 
 0 
 0 
 0 
 0 
 759 
 0 
 0 
 0 
 0 
 0 
 0 
 0 
 0 
 0 
 0 
 0 
 0 
 0 
 0 
 0 
 0 
 0 
 0 
 0 
 0 
 0 
 0 
 0 
 0 
 0 
 0 
 0 
 0 
 0 
 0 
 0 
 0 
 0 
 0 
 0 
 0 
 0 
 0 
 0 
 0 
 0 
 0 
 0 
 0 
 0 
 0 
 0 
 0 
 0 
 0 
 0 
 0 
 0 
 0 
 0 
 0 
 0 
 0 
 0 
 0 
 0 
 0 
 0 
 0 
 0 
 0 
 0 
 0 
 0 
 0 
 0 
 0 
 0 
 0 
 0 
 0 
 0 
 0 
 0 
 0 
 772 
 0 
 0 
 0 
 0 
 0 
 0 
 0 
 0 
 0 
 0 
 0 
 0 
 0 
 0 
 0 
 0 
 0 
 0 
 0 
 0 
 0 
 0 
 0 
 0 
 0 
 0 
 0 
 0 
 0 
 0 
 0 
 0 
 0 
 0 
 0 
 0 
 0 
 0 
 0 
 0 
 0 
 0 
 0 
 0 
 0 
 0 
 0 
 0 
 0 
 0 
 0 
 0 
 0 
 0 
 0 
 0 
 0 
 0 
 0 
 0 
 0 
 0 
 0 
 0 
 0 
 0 
 0 
 0 
 0 
 0 
 0 
 0 
 0 
 0 
 0 
 0 
 0 
 0 
 0 
 0 
 814 
 0 
 0 
 0 
 0 
 0 
 0 
 0 
 0 
 0 
 0 
 0 
 0 
 0 
 0 
 0 
 0 
 0 
 0 
 0 
 0 
 0 
 0 
 0 
 0 
 0 
 0 
 0 
 0 
 0 
 0 
 0 
 0 
 0 
 0 
 0 
 0 
 0 
 0 
 0 
 0 
 0 
 0 
 0 
 0 
 0 
 0 
 0 
 0 
 0 
 0 
 0 
 0 
 0 
 0 
 0 
 0 
 0 
 0 
 0 
 0 
 0 
 0 
 0 
 0 
 0 
 0 
 0 
 0 
 0 
 0 
 0 
 0 
 0 
 0 
 0 
 0 
 0 
 0 
 0 
 0 
 792 
 0 
 0 
 0 
 0 
 0 
 0 
 0 
 0 
 0 
 0 
 0 
 0 
 0 
 0 
 0 
 0 
 0 
 0 
 0 
 0 
 0 
 0 
 0 
 0 
 0 
 0 
 0 
 0 
 0 
 0 
 0 
 0 
 0 
 0 
 0 
 0 
 0 
 0 
 0 
 0 
 0 
 0 
 0 
 0 
 0 
 0 
 0 
 0 
 0 
 0 
 0 
 0 
 0 
 0 
 0 
 0 
 0 
 0 
 0 
 2 
 2 
 0 
 0 
 0 
 0 
 0 
 0 
 0 
 0 
 0 
 50 
 0 
 0 
 0 
 0 
 0 
 0 
 0 
 0 
 0 
 520 
 0 
 0 
 0 
 0 
 0 
 0 
 0 
 0 
 0 
 4 
 0 
 0 
 0 
 0 
 0 
 0 
 0 
 0 
 0 
 6 
 0 
 0 
 0 
 0 
 0 
 0 
 0 
 0 
 0 
 7 
 0 
 0 
 0 
 0 
 0 
 0 
 0 
 0 
 0 
 0 
 0 
 0 
 0 
 0 
 0 
 0 
 0 
 0 
 0 
 3 
 0 
 0 
 0 
 0 
 0 
 0 
 0 
 0 
 0 
 2 
 2 
 0 
 0 
 0 
 0 
 0 
 0 
 0 
 0 
 0 
 2 
 0 
 0 
 0 
 0 
 0 
 0 
 0 
 0 
 0 
 946 
 0 
 0 
 0 
 0 
 0 
 0 
 0 
 0 
 0 
 4 
 0 
 0 
 0 
 0 
 0 
 0 
 0 
 0 
 0 
 6 
 0 
 0 
 0 
 0 
 0 
 0 
 0 
 0 
 0 
 7 
 0 
 0 
 0 
 0 
 0 
 0 
 0 
 0 
 0 
 0 
 0 
 0 
 0 
 0 
 0 
 0 
 0 
 0 
 0 
 3 
 0 
 0 
 0 
 0 
 0 
 0 
 0 
 0 
 0 
 1 
 2 
 0 
 0 
 0 
 0 
 0 
 0 
 0 
 0 
 0 
 50 
 0 
 0 
 0 
 0 
 0 
 0 
 0 
 0 
 0 
 555 
 0 
 0 
 0 
 0 
 0 
 0 
 0 
 0 
 0 
 4 
 0 
 0 
 0 
 0 
 0 
 0 
 0 
 0 
 0 
 6 
 0 
 0 
 0 
 0 
 0 
 0 
 0 
 0 
 0 
 7 
 0 
 0 
 0 
 0 
 0 
 0 
 0 
 0 
 0 
 0 
 0 
 0 
 0 
 0 
 0 
 0 
 0 
 0 
 0 
 3 
 0 
 0 
 0 
 0 
 0 
 0 
 0 
 0 
 0 
 1 
 0 
 0 
 0 
 0 
 0 
 0 
 0 
 0 
 0 
 0 
 50 
 0 
 0 
 0 
 0 
 0 
 0 
 0 
 0 
 0 
 906 
 3 
 0 
 0 
 0 
 0 
 0 
 0 
 0 
 0 
 4 
 0 
 0 
 0 
 0 
 0 
 0 
 0 
 0 
 0 
 6 
 0 
 0 
 0 
 0 
 0 
 0 
 0 
 0 
 0 
 7 
 0 
 0 
 0 
 0 
 0 
 0 
 0 
 0 
 0 
 0 
 0 
 0 
 0 
 0 
 0 
 0 
 0 
 0 
 0 
 3 
 0 
 0 
 0 
 0 
 0 
 0 
 0 
 0 
 0 
 2 
 2 
 0 
 0 
 0 
 0 
 0 
 0 
 0 
 0 
 0 
 50 
 0 
 0 
 0 
 0 
 0 
 0 
 0 
 0 
 0 
 788 
 3 
 0 
 0 
 0 
 0 
 0 
 0 
 0 
 0 
 4 
 0 
 0 
 0 
 0 
 0 
 0 
 0 
 0 
 0 
 6 
 0 
 0 
 0 
 0 
 0 
 0 
 0 
 0 
 0 
 7 
 0 
 0 
 0 
 0 
 0 
 0 
 0 
 0 
 0 
 0 
 0 
 0 
 0 
 0 
 0 
 0 
 0 
 0 
 0 
 3 
 0 
 0 
 0 
 0 
 0 
 0 
 0 
 0 
 0 
 2 
 0 
 0 
 0 
 0 
 0 
 0 
 0 
 0 
 0 
 0 
 50 
 0 
 0 
 0 
 0 
 0 
 0 
 0 
 0 
 0 
 932 
 3 
 0 
 0 
 0 
 0 
 0 
 0 
 0 
 0 
 4 
 0 
 0 
 0 
 0 
 0 
 0 
 0 
 0 
 0 
 6 
 0 
 0 
 0 
 0 
 0 
 0 
 0 
 0 
 0 
 7 
 0 
 0 
 0 
 0 
 0 
 0 
 0 
 0 
 0 
 0 
 0 
 0 
 0 
 0 
 0 
 0 
 0 
 0 
 0 
 3 
 0 
 0 
 0 
 0 
 0 
 0 
 0 
 0 
 0 
 2 
 0 
 0 
 0 
 0 
 0 
 0 
 0 
 0 
 0 
 0 
 50 
 0 
 0 
 0 
 0 
 0 
 0 
 0 
 0 
 0 
 847 
 3 
 0 
 0 
 0 
 0 
 0 
 0 
 0 
 0 
 4 
 0 
 0 
 0 
 0 
 0 
 0 
 0 
 0 
 0 
 6 
 0 
 0 
 0 
 0 
 0 
 0 
 0 
 0 
 0 
 7 
 0 
 0 
 0 
 0 
 0 
 0 
 0 
 0 
 0 
 0 
 0 
 0 
 0 
 0 
 0 
 0 
 0 
 0 
 0 
 3 
 0 
 0 
 0 
 0 
 0 
 0 
 0 
 0 
 0 
 2 
 0 
 0 
 0 
 0 
 0 
 0 
 0 
 0 
 0 
 0 
 50 
 0 
 0 
 0 
 0 
 0 
 0 
 0 
 0 
 0 
 911 
 3 
 0 
 0 
 0 
 0 
 0 
 0 
 0 
 0 
 4 
 0 
 0 
 0 
 0 
 0 
 0 
 0 
 0 
 0 
 6 
 0 
 0 
 0 
 0 
 0 
 0 
 0 
 0 
 0 
 7 
 0 
 0 
 0 
 0 
 0 
 0 
 0 
 0 
 0 
 0 
 0 
 0 
 0 
 0 
 0 
 0 
 0 
 0 
 0 
 3 
 0 
 0 
 0 
 0 
 0 
 0 
 0 
 0 
 0 
 2 
 2 
 0 
 0 
 0 
 0 
 0 
 0 
 0 
 0 
 0 
 50 
 50 
 50 
 50 
 50 
 50 
 100 
 0 
 0 
 0 
 2000 
 3 
 2 
 1 
 0 
 0 
 0 
 0 
 0 
 0 
 4 
 4 
 4 
 4 
 4 
 4 
 5 
 0 
 0 
 0 
 6 
 6 
 6 
 6 
 6 
 6 
 10 
 0 
 0 
 0 
 7 
 7 
 7 
 7 
 7 
 7 
 10 
 0 
 0 
 0 
 0 
 0 
 0 
 0 
 0 
 0 
 0 
 0 
 0 
 0 
 3 
 3 
 3 
 3 
 3 
 3 
 20 
 0 
 0 
 0 
 2 
 0 
 19 
 0 
 0 
 0 
 0 
 0 
 0 
 0 
 0 
 50 
 100 
 0 
 0 
 0 
 0 
 0 
 0 
 0 
 0 
 673 
 3 
 0 
 0 
 0 
 0 
 0 
 0 
 0 
 0 
 4 
 5 
 0 
 0 
 0 
 0 
 0 
 0 
 0 
 0 
 6 
 10 
 0 
 0 
 0 
 0 
 0 
 0 
 0 
 0 
 7 
 10 
 0 
 0 
 0 
 0 
 0 
 0 
 0 
 0 
 0 
 0 
 0 
 0 
 0 
 0 
 0 
 0 
 0 
 0 
 3 
 20 
 0 
 0 
 0 
 0 
 0 
 0 
 0 
 0 
 1 
 2 
 0 
 0 
 0 
 0 
 19 
 0 
 0 
 0 
 0 
 50 
 50 
 50 
 50 
 50 
 100 
 0 
 0 
 0 
 0 
 2000 
 3 
 2 
 1 
 0 
 0 
 0 
 0 
 0 
 0 
 4 
 4 
 4 
 4 
 4 
 5 
 0 
 0 
 0 
 0 
 6 
 6 
 6 
 6 
 6 
 10 
 0 
 0 
 0 
 0 
 7 
 7 
 7 
 7 
 7 
 10 
 0 
 0 
 0 
 0 
 0 
 0 
 0 
 0 
 0 
 0 
 0 
 0 
 0 
 0 
 3 
 3 
 3 
 3 
 3 
 20 
 0 
 0 
 0 
 0 
 2 
 2 
 0 
 0 
 0 
 0 
 0 
 0 
 0 
 0 
 0 
 50 
 32 
 0 
 0 
 0 
 0 
 0 
 0 
 0 
 0 
 863 
 3 
 0 
 0 
 0 
 0 
 0 
 0 
 0 
 0 
 4 
 4 
 0 
 0 
 0 
 0 
 0 
 0 
 0 
 0 
 6 
 6 
 0 
 0 
 0 
 0 
 0 
 0 
 0 
 0 
 7 
 7 
 0 
 0 
 0 
 0 
 0 
 0 
 0 
 0 
 0 
 0 
 0 
 0 
 0 
 0 
 0 
 0 
 0 
 0 
 3 
 3 
 0 
 0 
 0 
 0 
 0 
 0 
 0 
 0 
 0 
 0 
 0 
 0 
 0 
 0 
 0 
 0 
 0 
 0 
 0 
 0 
 0 
 0 
 0 
 0 
 0 
 0 
 0 
 0 
 0 
 927 
 0 
 0 
 0 
 0 
 0 
 0 
 0 
 0 
 0 
 0 
 0 
 0 
 0 
 0 
 0 
 0 
 0 
 0 
 0 
 0 
 0 
 0 
 0 
 0 
 0 
 0 
 0 
 0 
 0 
 0 
 0 
 0 
 0 
 0 
 0 
 0 
 0 
 0 
 0 
 0 
 0 
 0 
 0 
 0 
 0 
 0 
 0 
 0 
 0 
 0 
 0 
 0 
 0 
 0 
 0 
 0 
 0 
 0 
 0 
 0 
 0 
 0 
 0 
 0 
 0 
 0 
 0 
 0 
 0 
 0 
 0 
 0 
 0 
 0 
 0 
 0 
 0 
 0 
 0 
 0 
 740 
 0 
 0 
 0 
 0 
 0 
 0 
 0 
 0 
 0 
 0 
 0 
 0 
 0 
 0 
 0 
 0 
 0 
 0 
 0 
 0 
 0 
 0 
 0 
 0 
 0 
 0 
 0 
 0 
 0 
 0 
 0 
 0 
 0 
 0 
 0 
 0 
 0 
 0 
 0 
 0 
 0 
 0 
 0 
 0 
 0 
 0 
 0 
 0 
 0 
 0 
 0 
 0 
 0 
 0 
 0 
 0 
 0 
 0 
 0 
 0 
 0 
 0 
 0 
 0 
 0 
 0 
 0 
 0 
 0 
 0 
 0 
 0 
 0 
 0 
 0 
 0 
 0 
 0 
 0 
 0 
 503 
 0 
 0 
 0 
 0 
 0 
 0 
 0 
 0 
 0 
 0 
 0 
 0 
 0 
 0 
 0 
 0 
 0 
 0 
 0 
 0 
 0 
 0 
 0 
 0 
 0 
 0 
 0 
 0 
 0 
 0 
 0 
 0 
 0 
 0 
 0 
 0 
 0 
 0 
 0 
 0 
 0 
 0 
 0 
 0 
 0 
 0 
 0 
 0 
 0 
 0 
 0 
 0 
 0 
 0 
 0 
 0 
 0 
 0 
 0 
 2 
 2 
 0 
 0 
 0 
 0 
 0 
 0 
 0 
 0 
 0 
 32 
 0 
 0 
 0 
 0 
 0 
 0 
 0 
 0 
 0 
 948 
 0 
 0 
 0 
 0 
 0 
 0 
 0 
 0 
 0 
 4 
 0 
 0 
 0 
 0 
 0 
 0 
 0 
 0 
 0 
 6 
 0 
 0 
 0 
 0 
 0 
 0 
 0 
 0 
 0 
 7 
 0 
 0 
 0 
 0 
 0 
 0 
 0 
 0 
 0 
 0 
 0 
 0 
 0 
 0 
 0 
 0 
 0 
 0 
 0 
 3 
 0 
 0 
 0 
 0 
 0 
 0 
 0 
 0 
 0 
 1 
 0 
 0 
 0 
 0 
 0 
 0 
 0 
 0 
 0 
 0 
 50 
 0 
 0 
 0 
 0 
 0 
 0 
 0 
 0 
 0 
 883 
 3 
 0 
 0 
 0 
 0 
 0 
 0 
 0 
 0 
 4 
 0 
 0 
 0 
 0 
 0 
 0 
 0 
 0 
 0 
 6 
 0 
 0 
 0 
 0 
 0 
 0 
 0 
 0 
 0 
 7 
 0 
 0 
 0 
 0 
 0 
 0 
 0 
 0 
 0 
 0 
 0 
 0 
 0 
 0 
 0 
 0 
 0 
 0 
 0 
 3 
 0 
 0 
 0 
 0 
 0 
 0 
 0 
 0 
 0 
 1 
 2 
 0 
 0 
 0 
 0 
 0 
 0 
 0 
 0 
 0 
 50 
 0 
 0 
 0 
 0 
 0 
 0 
 0 
 0 
 0 
 866 
 0 
 0 
 0 
 0 
 0 
 0 
 0 
 0 
 0 
 4 
 0 
 0 
 0 
 0 
 0 
 0 
 0 
 0 
 0 
 6 
 0 
 0 
 0 
 0 
 0 
 0 
 0 
 0 
 0 
 7 
 0 
 0 
 0 
 0 
 0 
 0 
 0 
 0 
 0 
 0 
 0 
 0 
 0 
 0 
 0 
 0 
 0 
 0 
 0 
 3 
 0 
 0 
 0 
 0 
 0 
 0 
 0 
 0 
 0 
 1 
 0 
 0 
 0 
 0 
 0 
 0 
 0 
 0 
 0 
 0 
 50 
 0 
 0 
 0 
 0 
 0 
 0 
 0 
 0 
 0 
 771 
 3 
 0 
 0 
 0 
 0 
 0 
 0 
 0 
 0 
 4 
 0 
 0 
 0 
 0 
 0 
 0 
 0 
 0 
 0 
 6 
 0 
 0 
 0 
 0 
 0 
 0 
 0 
 0 
 0 
 7 
 0 
 0 
 0 
 0 
 0 
 0 
 0 
 0 
 0 
 0 
 0 
 0 
 0 
 0 
 0 
 0 
 0 
 0 
 0 
 3 
 0 
 0 
 0 
 0 
 0 
 0 
 0 
 0 
 0 
 2 
7048,390,154
6726,327,300
 1 
