Terren Whiselir               
 100 
 0 
 10 
 10 
 300 
 0 
 0 
 1 
"                                                                                                                                                                                                                                                                                                            "
Krysten                       
 90 
 30 
 7 
 7 
 300 
 0 
 0 
 1 
"        Y                                                                                                                                                                                                                                                                                                   "
Julien                        
 120 
 0 
 11 
 11 
 800 
 0 
 0 
 2 
"                                                                                                                                                                                                                                                                                                            "
Sephinite                     
 350 
 90 
 25 
 30 
 13200 
 0 
 0 
 6 
"                                                                                                                                                                                                                                                                                                            "
Tovi                          
 160 
 10 
 12 
 12 
 3700 
 0 
 0 
 4 
"                                                                                                                                                                                                                                                                                                            "
Feltspar                      
 150 
 150 
 7 
 15 
 3700 
 0 
 0 
 4 
"                                                                                                                                                                                                                                                                                                            "
 0 
 0 
 0 
 0 
 0 
 0 
 0 
 0 
 0 
 0 
 0 
 0 
 0 
 0 
 0 
 0 
 0 
 0 
 0 
 0 
 0 
 0 
 0 
 0 
 0 
 0 
 0 
 0 
 0 
 0 
 0 
 0 
 0 
 0 
 0 
 0 
 0 
 0 
 0 
 0 
 0 
 0 
 0 
 0 
 0 
 0 
 0 
 0 
 0 
 0 
 0 
 0 
 0 
 0 
 0 
 0 
 0 
 0 
 0 
 0 
 0 
 0 
 0 
 0 
 0 
 0 
 0 
 0 
 0 
 0 
 0 
 0 
 0 
 0 
 0 
 0 
 0 
 0 
 0 
 0 
 0 
 0 
 0 
 0 
 0 
 0 
 0 
 0 
 0 
 0 
 0 
 0 
 0 
 0 
 0 
 0 
 0 
 0 
 0 
 0 
 0 
 0 
 0 
 0 
 0 
 0 
 0 
 0 
 0 
 0 
 0 
 0 
 0 
 0 
 0 
 0 
 0 
 0 
 0 
 0 
 0 
 0 
 0 
 0 
 0 
 0 
 0 
 0 
 0 
 0 
 0 
 0 
 0 
 0 
 0 
 0 
 0 
 0 
 0 
 0 
 0 
 0 
 0 
 0 
 0 
 0 
 0 
 0 
 0 
 0 
 0 
 0 
 0 
 0 
 0 
 0 
 0 
 0 
 0 
 0 
 0 
 0 
 0 
 0 
 0 
 0 
 0 
 0 
 0 
 0 
 0 
 0 
 0 
 0 
 0 
 0 
 0 
 0 
 0 
 0 
 0 
 0 
 0 
 0 
 0 
 0 
 0 
 0 
 0 
 0 
 0 
 0 
 0 
 0 
 0 
 0 
 0 
 0 
 0 
 0 
